G3dErrFileVersion 2018P3.1
FlagFileMetaData Begin
   Mesh Size - Setup1, Refinement, Pass #1, Freq. 5.000000e+09 :Title    
   Listing of mesh elements with small segments. :ToolTip  
   hf3d :Author   
   1691020762 :TimeStamp
FlagFileMetaData End
BEGIN_ERR 
26 Small mesh segment detected on body : Box1
 Small mesh segment detected on body : Box1 
 Segment Statistics - Number of Segments : 1 --- Segment length(s) : 7.071068mm. The cutoff frequency for S-Matrix Only Solve is 14.9896229MHz 
2 -1  8  # nfids, fids[]
2 6  -1  # nbids, bids[]
      8 2 1 0 #ntets ntri ned npts
           0.0000000000000000e+00   5.0000000000000000e+00   2.0000000000000000e+00 #xyz tv0
           0.0000000000000000e+00   0.0000000000000000e+00  -2.0000000000000000e+00 #xyz tv1
           5.0000000000000000e+00   5.0000000000000000e+00  -2.0000000000000000e+00 #xyz tv2
           0.0000000000000000e+00   5.0000000000000000e+00  -2.0000000000000000e+00 -1 6 #xyz tv3 fid bid
           1.0000000000000000e+01   2.5000000000000000e+00   0.0000000000000000e+00 #xyz tv0
           5.0000000000000000e+00   5.0000000000000000e+00  -2.0000000000000000e+00 #xyz tv1
           0.0000000000000000e+00   5.0000000000000000e+00   2.0000000000000000e+00 #xyz tv2
           0.0000000000000000e+00   0.0000000000000000e+00  -2.0000000000000000e+00 -1 6 #xyz tv3 fid bid
           5.0000000000000000e+00   5.0000000000000000e+00  -2.0000000000000000e+00 #xyz tv0
           0.0000000000000000e+00   0.0000000000000000e+00  -2.0000000000000000e+00 #xyz tv1
          -1.1000000000000000e+01   5.5000000000000000e+00  -4.0000000000000000e+00 #xyz tv2
           0.0000000000000000e+00   5.0000000000000000e+00  -2.0000000000000000e+00 -1 6 #xyz tv3 fid bid
           1.0000000000000000e+01   1.8750000000000000e+00  -5.0000000000000000e-01 #xyz tv0
           0.0000000000000000e+00   0.0000000000000000e+00  -2.0000000000000000e+00 #xyz tv1
           5.0000000000000000e+00   5.0000000000000000e+00  -2.0000000000000000e+00 #xyz tv2
           1.0000000000000000e+01   2.5000000000000000e+00   0.0000000000000000e+00 -1 6 #xyz tv3 fid bid
           1.1000000000000000e+01   5.5000000000000000e+00  -4.0000000000000000e+00 #xyz tv0
           5.0000000000000000e+00   5.0000000000000000e+00  -2.0000000000000000e+00 #xyz tv1
           0.0000000000000000e+00   0.0000000000000000e+00  -2.0000000000000000e+00 #xyz tv2
          -1.1000000000000000e+01   5.5000000000000000e+00  -4.0000000000000000e+00 -1 6 #xyz tv3 fid bid
           1.0000000000000000e+01   1.8750000000000000e+00  -5.0000000000000000e-01 #xyz tv0
           5.0000000000000000e+00   5.0000000000000000e+00  -2.0000000000000000e+00 #xyz tv1
           0.0000000000000000e+00   0.0000000000000000e+00  -2.0000000000000000e+00 #xyz tv2
           1.0000000000000000e+01   1.2500000000000000e+00  -1.0000000000000000e+00 -1 6 #xyz tv3 fid bid
           1.1000000000000000e+01   5.5000000000000000e+00  -4.0000000000000000e+00 #xyz tv0
           5.0000000000000000e+00   5.0000000000000000e+00  -2.0000000000000000e+00 #xyz tv1
           1.0000000000000000e+01   0.0000000000000000e+00  -2.0000000000000000e+00 #xyz tv2
           0.0000000000000000e+00   0.0000000000000000e+00  -2.0000000000000000e+00 -1 6 #xyz tv3 fid bid
           1.0000000000000000e+01   1.2500000000000000e+00  -1.0000000000000000e+00 #xyz tv0
           0.0000000000000000e+00   0.0000000000000000e+00  -2.0000000000000000e+00 #xyz tv1
           1.0000000000000000e+01   0.0000000000000000e+00  -2.0000000000000000e+00 #xyz tv2
           5.0000000000000000e+00   5.0000000000000000e+00  -2.0000000000000000e+00 -1 6 #xyz tv3 fid bid
           0.0000000000000000e+00   5.0000000000000000e+00  -2.0000000000000000e+00 #xyz tv0
           5.0000000000000000e+00   5.0000000000000000e+00  -2.0000000000000000e+00 #xyz tv1
           0.0000000000000000e+00   0.0000000000000000e+00  -2.0000000000000000e+00 8 -1 #xyz tv2 fid bid
           5.0000000000000000e+00   5.0000000000000000e+00  -2.0000000000000000e+00 #xyz tv0
           1.0000000000000000e+01   0.0000000000000000e+00  -2.0000000000000000e+00 #xyz tv1
           0.0000000000000000e+00   0.0000000000000000e+00  -2.0000000000000000e+00 8 -1 #xyz tv2 fid bid
           5.0000000000000000e+00   5.0000000000000000e+00  -2.0000000000000000e+00 #xyz ev0
           0.0000000000000000e+00   0.0000000000000000e+00  -2.0000000000000000e+00 -1 6 #xyz ev1 fid bid
   0   0.000000000000e+00   0.000000000000e+00   0.000000000000e+00 #flag location
END_ERR 
G3dErrFileVersion 2018P3.1
FlagFileMetaData Begin
   Mesh Size - Setup1, Refinement, Pass #2, Freq. 5.000000e+09 :Title    
   Listing of mesh elements with small segments. :ToolTip  
   hf3d :Author   
   1691020764 :TimeStamp
FlagFileMetaData End
BEGIN_ERR 
26 Small mesh segment detected on body : Box1
 Small mesh segment detected on body : Box1 
 Segment Statistics - Number of Segments : 1 --- Segment length(s) : 6.135231mm. The cutoff frequency for S-Matrix Only Solve is 14.9896229MHz 
2 -1  8  # nfids, fids[]
2 6  -1  # nbids, bids[]
      4 2 1 0 #ntets ntri ned npts
          -2.5000000000000000e+00  -2.5000000000000000e+00   0.0000000000000000e+00 #xyz tv0
          -7.5000000000000000e+00  -5.0000000000000000e+00  -2.0000000000000000e+00 #xyz tv1
          -5.0000000000000000e+00  -5.0000000000000000e+00  -2.0000000000000000e+00 #xyz tv2
          -1.0416666666666670e+00  -3.1250000000000000e-01  -2.0000000000000000e+00 -1 6 #xyz tv3 fid bid
          -7.5000000000000000e+00  -5.0000000000000000e+00  -2.0000000000000000e+00 #xyz tv0
          -1.0416666666666670e+00  -3.1250000000000000e-01  -2.0000000000000000e+00 #xyz tv1
          -1.1000000000000000e+01  -5.5000000000000000e+00  -4.0000000000000000e+00 #xyz tv2
          -5.0000000000000000e+00  -5.0000000000000000e+00  -2.0000000000000000e+00 -1 6 #xyz tv3 fid bid
          -2.5000000000000000e+00  -2.5000000000000000e+00   0.0000000000000000e+00 #xyz tv0
          -5.0000000000000000e+00  -5.0000000000000000e+00  -2.0000000000000000e+00 #xyz tv1
           0.0000000000000000e+00  -5.0000000000000000e+00  -2.0000000000000000e+00 #xyz tv2
          -1.0416666666666670e+00  -3.1250000000000000e-01  -2.0000000000000000e+00 -1 6 #xyz tv3 fid bid
          -5.0000000000000000e+00  -5.0000000000000000e+00  -2.0000000000000000e+00 #xyz tv0
          -1.0416666666666670e+00  -3.1250000000000000e-01  -2.0000000000000000e+00 #xyz tv1
          -1.1000000000000000e+01  -5.5000000000000000e+00  -4.0000000000000000e+00 #xyz tv2
           0.0000000000000000e+00  -5.0000000000000000e+00  -2.0000000000000000e+00 -1 6 #xyz tv3 fid bid
           0.0000000000000000e+00  -5.0000000000000000e+00  -2.0000000000000000e+00 #xyz tv0
          -5.0000000000000000e+00  -5.0000000000000000e+00  -2.0000000000000000e+00 #xyz tv1
          -1.0416666666666670e+00  -3.1250000000000000e-01  -2.0000000000000000e+00 8 -1 #xyz tv2 fid bid
          -5.0000000000000000e+00  -5.0000000000000000e+00  -2.0000000000000000e+00 #xyz tv0
          -7.5000000000000000e+00  -5.0000000000000000e+00  -2.0000000000000000e+00 #xyz tv1
          -1.0416666666666670e+00  -3.1250000000000000e-01  -2.0000000000000000e+00 8 -1 #xyz tv2 fid bid
          -5.0000000000000000e+00  -5.0000000000000000e+00  -2.0000000000000000e+00 #xyz ev0
          -1.0416666666666670e+00  -3.1250000000000000e-01  -2.0000000000000000e+00 -1 6 #xyz ev1 fid bid
   0   0.000000000000e+00   0.000000000000e+00   0.000000000000e+00 #flag location
END_ERR 
G3dErrFileVersion 2018P3.1
FlagFileMetaData Begin
   Mesh Size - Setup1, Refinement, Pass #1, Freq. 1.000000e+11 :Title    
   Listing of mesh elements with small segments. :ToolTip  
   hf3d :Author   
   1691021094 :TimeStamp
FlagFileMetaData End
BEGIN_ERR 
26 Small mesh segment detected on body : Box1
 Small mesh segment detected on body : Box1 
 Segment Statistics - Number of Segments : 1 --- Segment length(s) : 0.856752mm. The cutoff frequency for S-Matrix Only Solve is 59.9584916MHz 
2 -1  8  # nfids, fids[]
2 6  -1  # nbids, bids[]
      7 2 1 0 #ntets ntri ned npts
           6.6667716469303773e-01   7.8865871577254587e-01  -6.3500000000000001e-01 #xyz tv0
           1.3242793403340218e+00   5.4510162498297188e-01  -2.9676878024484075e-02 #xyz tv1
           1.2500000000000000e+00   1.2700000000000000e+00  -6.3500000000000001e-01 #xyz tv2
           1.3203187642653977e+00   4.1613857287085143e-01  -6.3500000000000001e-01 -1 6 #xyz tv3 fid bid
           1.8497518268950766e+00   7.2953652639007349e-01  -2.9952696258896139e-01 #xyz tv0
           1.3203187642653977e+00   4.1613857287085143e-01  -6.3500000000000001e-01 #xyz tv1
           1.2500000000000000e+00   1.2700000000000000e+00  -6.3500000000000001e-01 #xyz tv2
           1.3242793403340218e+00   5.4510162498297188e-01  -2.9676878024484075e-02 -1 6 #xyz tv3 fid bid
           6.6667716469303773e-01   7.8865871577254587e-01  -6.3500000000000001e-01 #xyz tv0
           1.2500000000000000e+00   1.2700000000000000e+00  -6.3500000000000001e-01 #xyz tv1
           0.0000000000000000e+00   0.0000000000000000e+00  -1.2700000000000000e+00 #xyz tv2
           1.3203187642653977e+00   4.1613857287085143e-01  -6.3500000000000001e-01 -1 6 #xyz tv3 fid bid
           1.9246819098009573e+00   8.1543026394371187e-01  -6.3500000000000001e-01 #xyz tv0
           1.2500000000000000e+00   1.2700000000000000e+00  -6.3500000000000001e-01 #xyz tv1
           1.8497518268950766e+00   7.2953652639007349e-01  -2.9952696258896139e-01 #xyz tv2
           1.3203187642653977e+00   4.1613857287085143e-01  -6.3500000000000001e-01 -1 6 #xyz tv3 fid bid
           1.2833333333333334e+00  -4.6566666666666673e-01  -1.2700000000000000e+00 #xyz tv0
           1.2500000000000000e+00   1.2700000000000000e+00  -6.3500000000000001e-01 #xyz tv1
           1.3203187642653977e+00   4.1613857287085143e-01  -6.3500000000000001e-01 #xyz tv2
           0.0000000000000000e+00   0.0000000000000000e+00  -1.2700000000000000e+00 -1 6 #xyz tv3 fid bid
           1.9246819098009573e+00   8.1543026394371187e-01  -6.3500000000000001e-01 #xyz tv0
           2.7500000000000000e+00   1.3970000000000002e+00  -1.2700000000000000e+00 #xyz tv1
           1.2500000000000000e+00   1.2700000000000000e+00  -6.3500000000000001e-01 #xyz tv2
           1.3203187642653977e+00   4.1613857287085143e-01  -6.3500000000000001e-01 -1 6 #xyz tv3 fid bid
           1.2833333333333334e+00  -4.6566666666666673e-01  -1.2700000000000000e+00 #xyz tv0
           1.3203187642653977e+00   4.1613857287085143e-01  -6.3500000000000001e-01 #xyz tv1
           1.2500000000000000e+00   1.2700000000000000e+00  -6.3500000000000001e-01 #xyz tv2
           2.7500000000000000e+00   1.3970000000000002e+00  -1.2700000000000000e+00 -1 6 #xyz tv3 fid bid
           1.3203187642653977e+00   4.1613857287085143e-01  -6.3500000000000001e-01 #xyz tv0
           6.6667716469303773e-01   7.8865871577254587e-01  -6.3500000000000001e-01 #xyz tv1
           1.2500000000000000e+00   1.2700000000000000e+00  -6.3500000000000001e-01 8 -1 #xyz tv2 fid bid
           1.9246819098009573e+00   8.1543026394371187e-01  -6.3500000000000001e-01 #xyz tv0
           1.3203187642653977e+00   4.1613857287085143e-01  -6.3500000000000001e-01 #xyz tv1
           1.2500000000000000e+00   1.2700000000000000e+00  -6.3500000000000001e-01 8 -1 #xyz tv2 fid bid
           1.2500000000000000e+00   1.2700000000000000e+00  -6.3500000000000001e-01 #xyz ev0
           1.3203187642653977e+00   4.1613857287085143e-01  -6.3500000000000001e-01 -1 6 #xyz ev1 fid bid
   0   0.000000000000e+00   0.000000000000e+00   0.000000000000e+00 #flag location
END_ERR 
G3dErrFileVersion 2018P3.1
FlagFileMetaData Begin
   Mesh Size - Setup1, Refinement, Pass #2, Freq. 1.000000e+11 :Title    
   Listing of mesh elements with small segments. :ToolTip  
   hf3d :Author   
   1691021097 :TimeStamp
FlagFileMetaData End
BEGIN_ERR 
26 Small mesh segment detected on body : Box1
 Small mesh segment detected on body : Box1 
 Segment Statistics - Number of Segments : 1 --- Segment length(s) : 0.856752mm. The cutoff frequency for S-Matrix Only Solve is 59.9584916MHz 
2 -1  8  # nfids, fids[]
2 6  -1  # nbids, bids[]
      7 2 1 0 #ntets ntri ned npts
           6.6667716469303773e-01   7.8865871577254587e-01  -6.3500000000000001e-01 #xyz tv0
           1.3203187642653977e+00   4.1613857287085143e-01  -6.3500000000000001e-01 #xyz tv1
           9.8175782903381126e-01   8.9956244316164313e-01  -2.3786209256355864e-01 #xyz tv2
           1.2500000000000000e+00   1.2700000000000000e+00  -6.3500000000000001e-01 -1 6 #xyz tv3 fid bid
           1.5131684886832772e+00   9.3806673255651574e-01  -3.4353511912041190e-01 #xyz tv0
           9.8175782903381126e-01   8.9956244316164313e-01  -2.3786209256355864e-01 #xyz tv1
           1.3203187642653977e+00   4.1613857287085143e-01  -6.3500000000000001e-01 #xyz tv2
           1.2500000000000000e+00   1.2700000000000000e+00  -6.3500000000000001e-01 -1 6 #xyz tv3 fid bid
           6.6667716469303773e-01   7.8865871577254587e-01  -6.3500000000000001e-01 #xyz tv0
           1.2500000000000000e+00   1.2700000000000000e+00  -6.3500000000000001e-01 #xyz tv1
           0.0000000000000000e+00   0.0000000000000000e+00  -1.2700000000000000e+00 #xyz tv2
           1.3203187642653977e+00   4.1613857287085143e-01  -6.3500000000000001e-01 -1 6 #xyz tv3 fid bid
           1.5131684886832772e+00   9.3806673255651574e-01  -3.4353511912041190e-01 #xyz tv0
           1.3203187642653977e+00   4.1613857287085143e-01  -6.3500000000000001e-01 #xyz tv1
           1.9435974957752267e+00   8.2905202533459665e-01  -6.3500000000000001e-01 #xyz tv2
           1.2500000000000000e+00   1.2700000000000000e+00  -6.3500000000000001e-01 -1 6 #xyz tv3 fid bid
           1.2833333333333334e+00  -4.6566666666666673e-01  -1.2700000000000000e+00 #xyz tv0
           1.2500000000000000e+00   1.2700000000000000e+00  -6.3500000000000001e-01 #xyz tv1
           1.3203187642653977e+00   4.1613857287085143e-01  -6.3500000000000001e-01 #xyz tv2
           0.0000000000000000e+00   0.0000000000000000e+00  -1.2700000000000000e+00 -1 6 #xyz tv3 fid bid
           1.9435974957752267e+00   8.2905202533459665e-01  -6.3500000000000001e-01 #xyz tv0
           2.7500000000000000e+00   1.3970000000000002e+00  -1.2700000000000000e+00 #xyz tv1
           1.2500000000000000e+00   1.2700000000000000e+00  -6.3500000000000001e-01 #xyz tv2
           1.3203187642653977e+00   4.1613857287085143e-01  -6.3500000000000001e-01 -1 6 #xyz tv3 fid bid
           1.2833333333333334e+00  -4.6566666666666673e-01  -1.2700000000000000e+00 #xyz tv0
           1.3203187642653977e+00   4.1613857287085143e-01  -6.3500000000000001e-01 #xyz tv1
           1.2500000000000000e+00   1.2700000000000000e+00  -6.3500000000000001e-01 #xyz tv2
           2.7500000000000000e+00   1.3970000000000002e+00  -1.2700000000000000e+00 -1 6 #xyz tv3 fid bid
           1.3203187642653977e+00   4.1613857287085143e-01  -6.3500000000000001e-01 #xyz tv0
           6.6667716469303773e-01   7.8865871577254587e-01  -6.3500000000000001e-01 #xyz tv1
           1.2500000000000000e+00   1.2700000000000000e+00  -6.3500000000000001e-01 8 -1 #xyz tv2 fid bid
           1.9435974957752267e+00   8.2905202533459665e-01  -6.3500000000000001e-01 #xyz tv0
           1.3203187642653977e+00   4.1613857287085143e-01  -6.3500000000000001e-01 #xyz tv1
           1.2500000000000000e+00   1.2700000000000000e+00  -6.3500000000000001e-01 8 -1 #xyz tv2 fid bid
           1.2500000000000000e+00   1.2700000000000000e+00  -6.3500000000000001e-01 #xyz ev0
           1.3203187642653977e+00   4.1613857287085143e-01  -6.3500000000000001e-01 -1 6 #xyz ev1 fid bid
   0   0.000000000000e+00   0.000000000000e+00   0.000000000000e+00 #flag location
END_ERR 
